chr	start	end	log2_TNratio_corrected
1	1000001	2000000	1.78590293894956
1	3000001	4000000	4.66279180029962
1	4000001	5000000	NA
1	5000001	6000000	NA
1	6000001	7000000	NA
1	7000001	8000000	0.598617840468713
1	8000001	9000000	1.00449724333234
1	9000001	10000000	-0.272587906800421
1	10000001	11000000	1.74481185762441
1	11000001	12000000	0.719892875595475
1	14000001	15000000	NA
1	15000001	16000000	1.32223111079276
1	17000001	18000000	2.57250907076884
1	18000001	19000000	NA
1	19000001	20000000	4.32997151918182
1	20000001	21000000	1.07760555400547
1	21000001	22000000	3.45721221249507
1	22000001	23000000	-0.109713391344183
1	23000001	24000000	3.47325908312459
1	24000001	25000000	NA
1	25000001	26000000	2.13587548597282
1	26000001	27000000	2.3909997485269
1	27000001	28000000	0.826640728732103
1	28000001	29000000	-0.154739674528482
1	29000001	30000000	NA
1	30000001	31000000	2.54644577792327
1	31000001	32000000	NA
1	32000001	33000000	0.636519240609841
1	33000001	34000000	NA
1	34000001	35000000	NA
1	35000001	36000000	1.04146842462461
1	36000001	37000000	0.861417831916452
1	37000001	38000000	1.12455722451371
1	38000001	39000000	0.673815640290938
1	39000001	40000000	1.74400092095544
1	40000001	41000000	2.34152482778261
1	41000001	42000000	2.0416252190248
1	42000001	43000000	1.61657405210719
1	43000001	44000000	2.36676534017537
1	44000001	45000000	1.83136589889178
1	45000001	46000000	NA
1	46000001	47000000	-0.480042724932299
1	47000001	48000000	NA
1	48000001	49000000	NA
1	49000001	50000000	NA
1	50000001	51000000	3.43651122908409
1	51000001	52000000	4.38085521650969
1	52000001	53000000	3.09352688586351
1	53000001	54000000	-0.405102534999645
1	54000001	55000000	1.35634119437422
1	55000001	56000000	NA
1	56000001	57000000	1.44653571065116
1	57000001	58000000	NA
1	58000001	59000000	3.57787340457158
1	59000001	60000000	NA
1	60000001	61000000	NA
1	61000001	62000000	1.53904592100595
1	62000001	63000000	0.488984654295695
1	63000001	64000000	NA
1	64000001	65000000	1.43618298987931
1	65000001	66000000	NA
1	66000001	67000000	6.38649677806535
1	67000001	68000000	1.41634846433015
1	68000001	69000000	NA
1	69000001	70000000	NA
1	70000001	71000000	0.190089394453489
1	71000001	72000000	NA
1	72000001	73000000	1.79118655727922
1	73000001	74000000	NA
1	74000001	75000000	NA
1	75000001	76000000	0.250792556985702
1	76000001	77000000	0.248230811052701
1	77000001	78000000	0.258072603300259
1	78000001	79000000	0.427754582646514
1	79000001	80000000	NA
1	80000001	81000000	NA
1	81000001	82000000	NA
1	82000001	83000000	NA
1	84000001	85000000	NA
1	85000001	86000000	0.350169882382512
1	86000001	87000000	NA
1	87000001	88000000	NA
1	88000001	89000000	0.175240741158448
1	89000001	90000000	1.48090698627254
1	90000001	91000000	1.29197994945828
1	91000001	92000000	2.12192141030331
1	92000001	93000000	NA
1	93000001	94000000	NA
1	94000001	95000000	NA
1	95000001	96000000	NA
1	96000001	97000000	NA
1	97000001	98000000	1.08787082046899
1	98000001	99000000	NA
1	99000001	100000000	NA
1	100000001	101000000	0.347857461704146
1	101000001	102000000	NA
1	102000001	103000000	NA
1	104000001	105000000	NA
1	105000001	106000000	NA
1	106000001	107000000	NA
1	107000001	108000000	0.272331048285692
1	109000001	110000000	-0.359884425876741
1	110000001	111000000	2.5337198201927
1	111000001	112000000	3.10121973062084
1	112000001	113000000	2.75141576180638
1	113000001	114000000	1.62593015318198
1	114000001	115000000	2.56237283051341
1	115000001	116000000	NA
1	116000001	117000000	0.0175685355754272
1	117000001	118000000	5.60079501640985
1	118000001	119000000	NA
1	119000001	120000000	0.201357058371833
1	150000001	151000000	4.35977611423088
1	151000001	152000000	3.65988245525834
1	152000001	153000000	NA
1	153000001	154000000	3.92436497842657
1	154000001	155000000	3.36296881814127
1	155000001	156000000	1.9625826152892
1	156000001	157000000	5.47658961496962
1	157000001	158000000	NA
1	158000001	159000000	NA
1	159000001	160000000	NA
1	160000001	161000000	3.85210695218393
1	162000001	163000000	NA
1	163000001	164000000	3.08122976645631
1	164000001	165000000	3.70310961221501
1	165000001	166000000	0.137277605811602
1	166000001	167000000	NA
1	167000001	168000000	1.8967922146699
1	168000001	169000000	NA
1	169000001	170000000	2.30121858777838
1	170000001	171000000	NA
1	171000001	172000000	6.16963742094644
1	172000001	173000000	NA
1	173000001	174000000	0.511725807681111
1	174000001	175000000	0.148075689907022
1	175000001	176000000	-0.0143224760151015
1	176000001	177000000	1.45548541993038
1	177000001	178000000	NA
1	178000001	179000000	2.56198140435012
1	179000001	180000000	0.57709917431821
1	180000001	181000000	4.41710387407912
1	181000001	182000000	NA
1	182000001	183000000	NA
1	183000001	184000000	0.362465456356549
1	184000001	185000000	NA
1	185000001	186000000	NA
1	186000001	187000000	NA
1	187000001	188000000	NA
1	188000001	189000000	NA
1	189000001	190000000	NA
1	190000001	191000000	NA
1	191000001	192000000	NA
1	192000001	193000000	NA
1	193000001	194000000	1.41459480954616
1	194000001	195000000	NA
1	195000001	196000000	NA
1	196000001	197000000	NA
1	197000001	198000000	NA
1	198000001	199000000	0.578688252524074
1	199000001	200000000	NA
1	200000001	201000000	0.224287479271522
1	201000001	202000000	3.57761791468239
1	202000001	203000000	0.472902893159047
1	203000001	204000000	4.58249692417156
1	204000001	205000000	NA
1	205000001	206000000	1.84444447920183
1	207000001	208000000	1.967166592423
1	208000001	209000000	NA
1	209000001	210000000	NA
1	210000001	211000000	NA
1	211000001	212000000	NA
1	212000001	213000000	3.2604577246888
1	213000001	214000000	0.514363961201132
1	214000001	215000000	0.532523449959029
1	215000001	216000000	NA
1	216000001	217000000	NA
1	217000001	218000000	2.28901398886071
1	218000001	219000000	NA
1	219000001	220000000	0.395526518257772
1	220000001	221000000	0.442982171503418
1	221000001	222000000	NA
1	222000001	223000000	3.82812709029593
1	224000001	225000000	3.23980219894629
1	225000001	226000000	NA
1	226000001	227000000	6.01017515059395
1	227000001	228000000	2.7411355772128
1	229000001	230000000	2.0255444676986
1	230000001	231000000	2.39738257175786
1	231000001	232000000	1.65226479660663
1	232000001	233000000	NA
1	233000001	234000000	0.434753208334617
1	234000001	235000000	NA
1	235000001	236000000	2.35325324555586
1	236000001	237000000	1.99095434832648
1	237000001	238000000	NA
1	238000001	239000000	NA
1	239000001	240000000	NA
1	240000001	241000000	1.44714310472242
1	241000001	242000000	2.82770105599884
1	244000001	245000000	NA
1	245000001	246000000	NA
1	246000001	247000000	4.33756523230482
1	247000001	248000000	0.320662167240755
2	1	1000000	NA
2	1000001	2000000	-0.347650117404588
2	2000001	3000000	NA
2	3000001	4000000	-0.339783478902133
2	4000001	5000000	NA
2	5000001	6000000	NA
2	6000001	7000000	NA
2	7000001	8000000	NA
2	8000001	9000000	0.0744467533064478
2	9000001	10000000	3.06234592582398
2	10000001	11000000	2.65399987988036
2	11000001	12000000	2.60422975521439
2	12000001	13000000	NA
2	13000001	14000000	NA
2	14000001	15000000	1.33334724412363
2	15000001	16000000	0.0955125492525854
2	16000001	17000000	NA
2	17000001	18000000	2.26186235564257
2	18000001	19000000	NA
2	19000001	20000000	0.463822003993329
2	20000001	21000000	NA
2	21000001	22000000	NA
2	22000001	23000000	NA
2	23000001	24000000	-0.000542473341060446
2	24000001	25000000	2.91768915217692
2	25000001	26000000	-0.302863737483291
2	26000001	27000000	1.19266626901449
2	27000001	28000000	2.76594683101786
2	28000001	29000000	6.00570563457462
2	29000001	30000000	0.195612963597159
2	30000001	31000000	NA
2	31000001	32000000	NA
2	32000001	33000000	NA
2	33000001	34000000	3.1353976684568
2	34000001	35000000	NA
2	35000001	36000000	NA
2	36000001	37000000	NA
2	37000001	38000000	2.62134556049989
2	38000001	39000000	2.13572504710631
2	39000001	40000000	2.90945699405
2	40000001	41000000	NA
2	41000001	42000000	NA
2	42000001	43000000	1.0345376062693
2	43000001	44000000	NA
2	44000001	45000000	NA
2	45000001	46000000	NA
2	46000001	47000000	1.79006419078034
2	47000001	48000000	0.980643883429657
2	48000001	49000000	NA
2	49000001	50000000	NA
2	50000001	51000000	NA
2	51000001	52000000	NA
2	52000001	53000000	NA
2	53000001	54000000	1.78387099852551
2	54000001	55000000	3.23427871829046
2	55000001	56000000	1.58064036626262
2	56000001	57000000	NA
2	57000001	58000000	NA
2	58000001	59000000	NA
2	59000001	60000000	NA
2	60000001	61000000	NA
2	61000001	62000000	3.50619008063158
2	62000001	63000000	0.647848719736596
2	63000001	64000000	NA
2	64000001	65000000	NA
2	65000001	66000000	2.00583420433014
2	66000001	67000000	0.415277387601664
2	67000001	68000000	NA
2	68000001	69000000	NA
2	69000001	70000000	1.81470500844566
2	70000001	71000000	NA
2	71000001	72000000	0.123197472930682
2	72000001	73000000	NA
2	73000001	74000000	2.30339894357773
2	74000001	75000000	5.34237916821076
2	75000001	76000000	NA
2	76000001	77000000	0.688909305685143
2	77000001	78000000	NA
2	78000001	79000000	NA
2	79000001	80000000	NA
2	80000001	81000000	NA
2	81000001	82000000	NA
2	82000001	83000000	NA
2	83000001	84000000	NA
2	84000001	85000000	2.6352831786889
2	85000001	86000000	3.38076250076135
2	88000001	89000000	NA
2	96000001	97000000	NA
2	98000001	99000000	0.989355467280201
2	99000001	100000000	1.54284635262797
2	100000001	101000000	1.11196037598673
2	101000001	102000000	3.3086285656694
2	102000001	103000000	0.440798499589229
2	103000001	104000000	NA
2	104000001	105000000	0.550585177026067
2	105000001	106000000	NA
2	107000001	108000000	NA
2	114000001	115000000	NA
2	115000001	116000000	NA
2	116000001	117000000	NA
2	117000001	118000000	1.20750861588282
2	118000001	119000000	NA
2	119000001	120000000	NA
2	120000001	121000000	2.10917612516636
2	121000001	122000000	0.0726754518582821
2	122000001	123000000	NA
2	123000001	124000000	NA
2	124000001	125000000	NA
2	125000001	126000000	NA
2	126000001	127000000	NA
2	127000001	128000000	1.83267128046389
2	128000001	129000000	NA
2	129000001	130000000	NA
2	133000001	134000000	NA
2	134000001	135000000	1.23693743564212
2	135000001	136000000	1.56225303097426
2	136000001	137000000	NA
2	137000001	138000000	NA
2	138000001	139000000	NA
2	139000001	140000000	NA
2	140000001	141000000	NA
2	141000001	142000000	NA
2	142000001	143000000	NA
2	143000001	144000000	NA
2	144000001	145000000	NA
2	145000001	146000000	NA
2	146000001	147000000	NA
2	147000001	148000000	7.00859554499246
2	148000001	149000000	0.437418267948162
2	149000001	150000000	2.41189261604201
2	150000001	151000000	2.27081471136279
2	151000001	152000000	NA
2	152000001	153000000	NA
2	153000001	154000000	NA
2	154000001	155000000	NA
2	155000001	156000000	NA
2	156000001	157000000	NA
2	157000001	158000000	0.398923857941961
2	158000001	159000000	NA
2	159000001	160000000	2.26501659687105
2	160000001	161000000	NA
2	161000001	162000000	NA
2	162000001	163000000	7.82821808969543
2	163000001	164000000	NA
2	164000001	165000000	4.19333353752343
2	165000001	166000000	3.98487900700883
2	166000001	167000000	NA
2	167000001	168000000	NA
2	168000001	169000000	0.422075508264397
2	169000001	170000000	3.48330072814219
2	170000001	171000000	0.42846419086583
2	171000001	172000000	1.9695808771978
2	172000001	173000000	0.302344699331283
2	173000001	174000000	0.428465756154105
2	174000001	175000000	1.434862683092
2	175000001	176000000	4.48005471615024
2	176000001	177000000	2.49836745326428
2	177000001	178000000	3.75416784985962
2	178000001	179000000	0.231930100886862
2	179000001	180000000	0.439306334181027
2	180000001	181000000	2.83371717084893
2	181000001	182000000	NA
2	182000001	183000000	NA
2	183000001	184000000	0.377195329845755
2	184000001	185000000	NA
2	185000001	186000000	NA
2	186000001	187000000	0.4905674619681
2	187000001	188000000	6.0482352335181
2	188000001	189000000	0.91423755645319
2	189000001	190000000	NA
2	190000001	191000000	0.276767184410817
2	191000001	192000000	NA
2	192000001	193000000	NA
2	193000001	194000000	NA
2	194000001	195000000	NA
2	195000001	196000000	NA
2	196000001	197000000	NA
2	197000001	198000000	3.15593500807336
2	198000001	199000000	NA
2	199000001	200000000	0.258526205330454
2	200000001	201000000	4.52184775989542
2	201000001	202000000	NA
2	202000001	203000000	1.39887669853536
2	203000001	204000000	4.9721599283633
2	204000001	205000000	NA
2	205000001	206000000	NA
2	206000001	207000000	0.637082612390908
2	207000001	208000000	1.28370252670576
2	208000001	209000000	NA
2	209000001	210000000	1.54928590247961
2	210000001	211000000	3.06113138482715
2	211000001	212000000	NA
2	212000001	213000000	NA
2	213000001	214000000	NA
2	214000001	215000000	NA
2	215000001	216000000	NA
2	216000001	217000000	4.97472726978692
2	217000001	218000000	NA
2	218000001	219000000	2.18501951333627
2	219000001	220000000	0.744664204950757
2	220000001	221000000	NA
2	221000001	222000000	NA
2	222000001	223000000	NA
2	223000001	224000000	2.76966181906753
2	224000001	225000000	2.01679957927873
2	225000001	226000000	NA
2	226000001	227000000	NA
2	227000001	228000000	2.0160612198708
2	228000001	229000000	NA
2	229000001	230000000	NA
2	230000001	231000000	3.16605711737183
2	231000001	232000000	6.40855146138682
2	232000001	233000000	NA
2	233000001	234000000	NA
2	234000001	235000000	NA
2	235000001	236000000	NA
2	236000001	237000000	4.27604779106255
2	237000001	238000000	NA
2	238000001	239000000	NA
2	239000001	240000000	NA
2	240000001	241000000	-1.21418319944608
2	241000001	242000000	3.52712489056629
3	1	1000000	NA
3	1000001	2000000	NA
3	2000001	3000000	0.170194772162684
3	3000001	4000000	4.35698397016248
3	4000001	5000000	4.51670440915621
3	5000001	6000000	NA
3	6000001	7000000	NA
3	7000001	8000000	NA
3	8000001	9000000	0.307672328801074
3	9000001	10000000	2.31283999895687
3	10000001	11000000	2.25250616912934
3	11000001	12000000	NA
3	12000001	13000000	4.50171050666097
3	13000001	14000000	NA
3	14000001	15000000	2.09593937388279
3	15000001	16000000	0.294413716481398
3	16000001	17000000	NA
3	17000001	18000000	NA
3	18000001	19000000	NA
3	19000001	20000000	NA
3	20000001	21000000	NA
3	21000001	22000000	NA
3	22000001	23000000	2.02622536638009
3	23000001	24000000	1.57964010571437
3	24000001	25000000	NA
3	25000001	26000000	NA
3	26000001	27000000	NA
3	27000001	28000000	1.35307982967157
3	28000001	29000000	0.359309668870838
3	29000001	30000000	2.40719249620923
3	30000001	31000000	NA
3	31000001	32000000	4.28301279644644
3	32000001	33000000	1.15776498194802
3	33000001	34000000	0.624817446270007
3	34000001	35000000	NA
3	35000001	36000000	NA
3	36000001	37000000	2.90757551426069
3	37000001	38000000	2.33394841797699
3	38000001	39000000	NA
3	39000001	40000000	NA
3	40000001	41000000	1.44253660839471
3	41000001	42000000	1.59965047818425
3	42000001	43000000	2.77721406726759
3	43000001	44000000	1.26268079707662
3	44000001	45000000	NA
3	45000001	46000000	NA
3	46000001	47000000	NA
3	47000001	48000000	2.26344151818337
3	48000001	49000000	2.99619188939973
3	49000001	50000000	4.42719526280581
3	50000001	51000000	3.28765546749561
3	51000001	52000000	1.63102744372829
3	52000001	53000000	3.45471614311256
3	53000001	54000000	2.50157160603954
3	54000001	55000000	NA
3	55000001	56000000	NA
3	56000001	57000000	NA
3	57000001	58000000	NA
3	58000001	59000000	1.19270041387816
3	59000001	60000000	NA
3	60000001	61000000	NA
3	61000001	62000000	NA
3	62000001	63000000	NA
3	63000001	64000000	3.72615329448503
3	64000001	65000000	6.57132450332755
3	65000001	66000000	6.18047531946744
3	66000001	67000000	NA
3	67000001	68000000	1.41078377766914
3	68000001	69000000	NA
3	69000001	70000000	0.42781591233038
3	70000001	71000000	0.380814771492031
3	71000001	72000000	NA
3	72000001	73000000	0.131422796538951
3	73000001	74000000	2.02579402876012
3	74000001	75000000	NA
3	76000001	77000000	NA
3	77000001	78000000	NA
3	78000001	79000000	4.68836515467998
3	79000001	80000000	NA
3	80000001	81000000	NA
3	81000001	82000000	1.55754712042223
3	82000001	83000000	NA
3	83000001	84000000	NA
3	84000001	85000000	NA
3	85000001	86000000	NA
3	86000001	87000000	NA
3	87000001	88000000	NA
3	88000001	89000000	NA
3	89000001	90000000	NA
3	94000001	95000000	NA
3	95000001	96000000	NA
3	96000001	97000000	NA
3	97000001	98000000	NA
3	98000001	99000000	2.69769719626125
3	99000001	100000000	NA
3	100000001	101000000	2.40591067992665
3	101000001	102000000	2.02258786384711
3	102000001	103000000	NA
3	103000001	104000000	NA
3	104000001	105000000	NA
3	105000001	106000000	NA
3	106000001	107000000	NA
3	107000001	108000000	NA
3	108000001	109000000	3.43488634053182
3	109000001	110000000	NA
3	110000001	111000000	NA
3	111000001	112000000	0.335451991500799
3	112000001	113000000	NA
3	113000001	114000000	4.48125346676878
3	114000001	115000000	0.223505731451304
3	115000001	116000000	NA
3	116000001	117000000	NA
3	117000001	118000000	0.407323628587198
3	118000001	119000000	NA
3	119000001	120000000	2.24359654292958
3	120000001	121000000	0.56618387617932
3	121000001	122000000	1.10446004900641
3	122000001	123000000	2.14717703087617
3	123000001	124000000	0.033066588755573
3	124000001	125000000	7.1054193264638
3	126000001	127000000	NA
3	127000001	128000000	3.93060019057064
3	128000001	129000000	2.22204521781138
3	129000001	130000000	5.00334454138871
3	131000001	132000000	0.477020236892702
3	132000001	133000000	5.60173196020174
3	133000001	134000000	0.216392839917374
3	134000001	135000000	NA
3	135000001	136000000	NA
3	136000001	137000000	2.61340170971986
3	137000001	138000000	NA
3	138000001	139000000	NA
3	139000001	140000000	5.39214164286498
3	140000001	141000000	NA
3	141000001	142000000	1.16617710222387
3	142000001	143000000	1.40248737067847
3	143000001	144000000	NA
3	144000001	145000000	NA
3	145000001	146000000	NA
3	146000001	147000000	0.749207796275373
3	147000001	148000000	NA
3	148000001	149000000	NA
3	149000001	150000000	2.67765994370262
3	150000001	151000000	NA
3	151000001	152000000	NA
3	152000001	153000000	0.340121453685419
3	153000001	154000000	NA
3	154000001	155000000	NA
3	155000001	156000000	3.36879544888336
3	156000001	157000000	1.37776436812616
3	157000001	158000000	0.467701064199444
3	158000001	159000000	NA
3	159000001	160000000	NA
3	160000001	161000000	2.34037569701862
3	161000001	162000000	0.30425586916857
3	162000001	163000000	NA
3	163000001	164000000	NA
3	164000001	165000000	NA
3	165000001	166000000	NA
3	166000001	167000000	NA
3	167000001	168000000	NA
3	168000001	169000000	NA
3	169000001	170000000	1.76468582337275
3	170000001	171000000	2.17568128720119
3	171000001	172000000	NA
3	172000001	173000000	4.39276302030815
3	173000001	174000000	NA
3	174000001	175000000	NA
3	175000001	176000000	NA
3	176000001	177000000	NA
3	177000001	178000000	1.45392460120664
3	178000001	179000000	1.22905930007712
3	179000001	180000000	0.612892409545298
3	180000001	181000000	0.376360324306329
3	181000001	182000000	NA
3	182000001	183000000	3.54369145900568
3	183000001	184000000	2.09904737170166
3	184000001	185000000	2.14846539194062
3	185000001	186000000	1.30477047724151
3	186000001	187000000	1.61770067158945
3	187000001	188000000	6.55022799020311
3	188000001	189000000	3.76009490688859
3	189000001	190000000	NA
3	190000001	191000000	NA
3	191000001	192000000	NA
3	192000001	193000000	0.237630510085503
3	193000001	194000000	NA
3	194000001	195000000	0.623422278920598
3	196000001	197000000	0.982474766607118
3	197000001	198000000	2.03007789214306
4	1	1000000	NA
4	1000001	2000000	NA
4	2000001	3000000	5.83863443876887
4	5000001	6000000	1.0678852218323
4	6000001	7000000	2.11106198538705
4	7000001	8000000	NA
4	8000001	9000000	NA
4	10000001	11000000	0.0402216926918411
4	11000001	12000000	NA
4	12000001	13000000	NA
4	13000001	14000000	0.408241897126919
4	14000001	15000000	NA
4	15000001	16000000	1.50153418559219
4	16000001	17000000	0.510617928990197
4	17000001	18000000	0.41891624810202
4	18000001	19000000	NA
4	19000001	20000000	0.559009727346364
4	20000001	21000000	NA
4	21000001	22000000	NA
4	22000001	23000000	NA
4	23000001	24000000	NA
4	24000001	25000000	2.18613308961447
4	25000001	26000000	NA
4	26000001	27000000	NA
4	27000001	28000000	NA
4	28000001	29000000	0.97501339893201
4	29000001	30000000	NA
4	30000001	31000000	NA
4	31000001	32000000	NA
4	32000001	33000000	NA
4	33000001	34000000	NA
4	34000001	35000000	NA
4	35000001	36000000	NA
4	36000001	37000000	NA
4	37000001	38000000	NA
4	38000001	39000000	NA
4	39000001	40000000	1.43104351040856
4	40000001	41000000	7.01423155194259
4	41000001	42000000	2.41729067909333
4	42000001	43000000	NA
4	43000001	44000000	NA
4	44000001	45000000	0.695174502929128
4	45000001	46000000	NA
4	46000001	47000000	2.8883775925374
4	47000001	48000000	1.19550934987842
4	48000001	49000000	7.58781383694895
4	53000001	54000000	NA
4	54000001	55000000	NA
4	55000001	56000000	NA
4	56000001	57000000	1.32634475517883
4	57000001	58000000	4.14466638342192
4	58000001	59000000	NA
4	59000001	60000000	NA
4	60000001	61000000	NA
4	61000001	62000000	NA
4	62000001	63000000	NA
4	63000001	64000000	NA
4	64000001	65000000	NA
4	65000001	66000000	NA
4	66000001	67000000	NA
4	67000001	68000000	NA
4	68000001	69000000	NA
4	70000001	71000000	1.97945858353741
4	71000001	72000000	0.260344228373699
4	72000001	73000000	NA
4	73000001	74000000	6.00577281362491
4	74000001	75000000	1.220329678649
4	75000001	76000000	3.36575875035555
4	76000001	77000000	2.73737463620195
4	77000001	78000000	2.67341636288733
4	78000001	79000000	NA
4	79000001	80000000	NA
4	80000001	81000000	NA
4	81000001	82000000	0.318042353154415
4	82000001	83000000	5.32857450500545
4	83000001	84000000	0.552406565774885
4	84000001	85000000	2.37952709911395
4	85000001	86000000	NA
4	86000001	87000000	NA
4	87000001	88000000	7.05046256726523
4	88000001	89000000	1.43562842583089
4	89000001	90000000	NA
4	90000001	91000000	1.31801064953761
4	91000001	92000000	NA
4	92000001	93000000	3.75035654997696
4	93000001	94000000	NA
4	94000001	95000000	NA
4	95000001	96000000	NA
4	96000001	97000000	NA
4	97000001	98000000	NA
4	98000001	99000000	NA
4	99000001	100000000	NA
4	100000001	101000000	NA
4	101000001	102000000	2.51337226301849
4	103000001	104000000	NA
4	104000001	105000000	NA
4	105000001	106000000	4.91918095572025
4	106000001	107000000	0.456183756716358
4	107000001	108000000	0.233545855393934
4	108000001	109000000	4.98945525729665
4	109000001	110000000	5.99987963947538
4	110000001	111000000	NA
4	111000001	112000000	NA
4	112000001	113000000	NA
4	113000001	114000000	0.337075741809894
4	114000001	115000000	NA
4	115000001	116000000	NA
4	116000001	117000000	NA
4	117000001	118000000	NA
4	120000001	121000000	NA
4	121000001	122000000	NA
4	122000001	123000000	NA
4	123000001	124000000	NA
4	124000001	125000000	NA
4	125000001	126000000	NA
4	126000001	127000000	NA
4	127000001	128000000	0.158510211176719
4	128000001	129000000	5.95774493275839
4	129000001	130000000	NA
4	130000001	131000000	NA
4	132000001	133000000	NA
4	133000001	134000000	NA
4	134000001	135000000	NA
4	135000001	136000000	NA
4	136000001	137000000	NA
4	137000001	138000000	NA
4	138000001	139000000	NA
4	139000001	140000000	1.20699704170854
4	140000001	141000000	3.44107265669561
4	141000001	142000000	NA
4	142000001	143000000	NA
4	145000001	146000000	0.550370144074148
4	146000001	147000000	NA
4	147000001	148000000	5.18032035627632
4	148000001	149000000	NA
4	149000001	150000000	NA
4	150000001	151000000	NA
4	151000001	152000000	1.32165097230255
4	152000001	153000000	NA
4	153000001	154000000	NA
4	154000001	155000000	NA
4	155000001	156000000	NA
4	156000001	157000000	NA
4	157000001	158000000	NA
4	158000001	159000000	NA
4	159000001	160000000	NA
4	160000001	161000000	NA
4	161000001	162000000	NA
4	162000001	163000000	1.2815443358799
4	163000001	164000000	NA
4	164000001	165000000	0.112444316037685
4	165000001	166000000	5.42064690803496
4	166000001	167000000	NA
4	167000001	168000000	NA
4	168000001	169000000	5.08615072227689
4	169000001	170000000	2.17171004736327
4	170000001	171000000	NA
4	171000001	172000000	NA
4	172000001	173000000	NA
4	173000001	174000000	NA
4	174000001	175000000	NA
4	175000001	176000000	NA
4	176000001	177000000	1.88818695681008
4	177000001	178000000	NA
4	178000001	179000000	NA
4	179000001	180000000	NA
4	180000001	181000000	NA
4	181000001	182000000	NA
4	182000001	183000000	NA
4	183000001	184000000	0.0273144228395294
4	184000001	185000000	0.0467801034607399
4	185000001	186000000	2.46732086875917
4	186000001	187000000	NA
4	187000001	188000000	NA
4	188000001	189000000	NA
5	1000001	2000000	NA
5	2000001	3000000	0.0445861621242822
5	3000001	4000000	NA
5	4000001	5000000	NA
5	5000001	6000000	NA
5	6000001	7000000	0.216684797595367
5	7000001	8000000	NA
5	8000001	9000000	NA
5	9000001	10000000	NA
5	10000001	11000000	0.0275416415559737
5	11000001	12000000	NA
5	12000001	13000000	NA
5	13000001	14000000	NA
5	14000001	15000000	1.17422801894785
5	15000001	16000000	NA
5	16000001	17000000	NA
5	18000001	19000000	NA
5	19000001	20000000	NA
5	22000001	23000000	NA
5	23000001	24000000	NA
5	24000001	25000000	NA
5	25000001	26000000	2.7311834298652
5	26000001	27000000	NA
5	27000001	28000000	NA
5	28000001	29000000	NA
5	29000001	30000000	NA
5	30000001	31000000	2.58097900781846
5	31000001	32000000	2.6410182146771
5	32000001	33000000	1.27439344145859
5	33000001	34000000	2.58424331939684
5	35000001	36000000	NA
5	36000001	37000000	NA
5	37000001	38000000	3.07935798919121
5	38000001	39000000	NA
5	39000001	40000000	NA
5	40000001	41000000	NA
5	41000001	42000000	NA
5	42000001	43000000	NA
5	43000001	44000000	NA
5	44000001	45000000	NA
5	45000001	46000000	NA
5	51000001	52000000	NA
5	52000001	53000000	1.79922997656257
5	53000001	54000000	0.399543941482274
5	54000001	55000000	NA
5	55000001	56000000	NA
5	56000001	57000000	NA
5	57000001	58000000	0.595577227444607
5	58000001	59000000	NA
5	59000001	60000000	0.218196978978775
5	60000001	61000000	2.54563552163389
5	61000001	62000000	3.99568239453935
5	62000001	63000000	NA
5	63000001	64000000	NA
5	64000001	65000000	NA
5	65000001	66000000	0.305887706970388
5	66000001	67000000	0.496250520965044
5	67000001	68000000	3.11707639051009
5	68000001	69000000	NA
5	72000001	73000000	3.03563564873307
5	73000001	74000000	NA
5	74000001	75000000	2.41117026670381
5	75000001	76000000	0.167112926675092
5	76000001	77000000	NA
5	77000001	78000000	NA
5	78000001	79000000	2.10546986968864
5	79000001	80000000	0.621607342374818
5	80000001	81000000	2.18089799832
5	81000001	82000000	NA
5	82000001	83000000	2.35975468144834
5	83000001	84000000	NA
5	84000001	85000000	NA
5	85000001	86000000	NA
5	86000001	87000000	NA
5	87000001	88000000	NA
5	88000001	89000000	NA
5	89000001	90000000	NA
5	90000001	91000000	1.29248310030319
5	91000001	92000000	NA
5	92000001	93000000	NA
5	93000001	94000000	NA
5	94000001	95000000	0.331346287587492
5	95000001	96000000	3.37642280487835
5	96000001	97000000	1.25996996745349
5	97000001	98000000	NA
5	98000001	99000000	2.74548953776378
5	101000001	102000000	NA
5	102000001	103000000	7.04530836223753
5	103000001	104000000	0.362875498252073
5	104000001	105000000	NA
5	105000001	106000000	NA
5	106000001	107000000	NA
5	107000001	108000000	3.03266367978723
5	108000001	109000000	NA
5	109000001	110000000	1.40560424111353
5	110000001	111000000	NA
5	111000001	112000000	0.37386137023211
5	112000001	113000000	6.39326780364621
5	113000001	114000000	0.474707386162326
5	114000001	115000000	NA
5	115000001	116000000	0.377896683693396
5	116000001	117000000	NA
5	117000001	118000000	NA
5	118000001	119000000	NA
5	119000001	120000000	0.412952297824912
5	120000001	121000000	NA
5	121000001	122000000	NA
5	122000001	123000000	1.41132418035421
5	123000001	124000000	NA
5	124000001	125000000	0.346589044280178
5	125000001	126000000	NA
5	126000001	127000000	NA
5	127000001	128000000	NA
5	128000001	129000000	0.396996063227338
5	129000001	130000000	NA
5	130000001	131000000	NA
5	131000001	132000000	2.43875600551455
5	132000001	133000000	4.03149993417279
5	133000001	134000000	0.554943773784777
5	134000001	135000000	3.36200318147708
5	135000001	136000000	1.44129610667102
5	136000001	137000000	2.2178736326628
5	137000001	138000000	NA
5	138000001	139000000	3.39665721762515
5	139000001	140000000	NA
5	140000001	141000000	4.7608751083328
5	141000001	142000000	0.0376017128941997
5	142000001	143000000	1.03037421038904
5	143000001	144000000	5.40770335708295
5	144000001	145000000	NA
5	145000001	146000000	NA
5	146000001	147000000	NA
5	147000001	148000000	0.46362261399738
5	148000001	149000000	NA
5	149000001	150000000	0.0282847042445619
5	150000001	151000000	2.27179760167102
5	151000001	152000000	5.74203432653472
5	152000001	153000000	NA
5	153000001	154000000	NA
5	154000001	155000000	2.62239630874382
5	155000001	156000000	NA
5	156000001	157000000	2.05895113865572
5	157000001	158000000	7.07764635762917
5	158000001	159000000	2.48392949395134
5	159000001	160000000	1.29165660799962
5	160000001	161000000	1.22556215159073
5	161000001	162000000	NA
5	162000001	163000000	NA
5	163000001	164000000	NA
5	164000001	165000000	NA
5	165000001	166000000	NA
5	166000001	167000000	NA
5	167000001	168000000	NA
5	168000001	169000000	3.95355243582174
5	169000001	170000000	4.85278458411415
5	170000001	171000000	NA
5	171000001	172000000	0.0390990149654422
5	172000001	173000000	2.72536929282122
5	173000001	174000000	2.98048136811294
5	174000001	175000000	NA
5	175000001	176000000	1.10663084345798
5	178000001	179000000	-0.253134636054048
5	179000001	180000000	6.68851051662613
5	180000001	181000000	1.64274194197541
6	1000001	2000000	0.0581792601594669
6	2000001	3000000	0.146860470377612
6	3000001	4000000	NA
6	4000001	5000000	3.09352527104834
6	5000001	6000000	NA
6	6000001	7000000	4.39076128114488
6	7000001	8000000	7.2606901668909
6	8000001	9000000	NA
6	9000001	10000000	NA
6	10000001	11000000	NA
6	11000001	12000000	NA
6	12000001	13000000	NA
6	13000001	14000000	0.211793798424572
6	14000001	15000000	NA
6	15000001	16000000	0.0388096381305857
6	16000001	17000000	1.7265693709233
6	17000001	18000000	2.52577539470225
6	18000001	19000000	NA
6	19000001	20000000	1.99060005476244
6	20000001	21000000	NA
6	21000001	22000000	0.22983117554423
6	22000001	23000000	NA
6	23000001	24000000	NA
6	24000001	25000000	1.49607022988768
6	25000001	26000000	2.52890932425028
6	27000001	28000000	NA
6	28000001	29000000	0.531685288725998
6	29000001	30000000	0.389564532491672
6	30000001	31000000	NA
6	31000001	32000000	NA
6	32000001	33000000	NA
6	33000001	34000000	2.03340431792128
6	34000001	35000000	3.57448388007045
6	35000001	36000000	-0.534068780403293
6	36000001	37000000	NA
6	37000001	38000000	4.85848477164048
6	38000001	39000000	1.50537175154808
6	39000001	40000000	2.03179783372956
6	40000001	41000000	NA
6	41000001	42000000	-0.468741055913383
6	42000001	43000000	NA
6	43000001	44000000	4.4558235678036
6	44000001	45000000	3.68956254210857
6	45000001	46000000	NA
6	46000001	47000000	NA
6	47000001	48000000	3.07510516123804
6	48000001	49000000	NA
6	49000001	50000000	NA
6	50000001	51000000	NA
6	51000001	52000000	NA
6	52000001	53000000	0.262273559893806
6	53000001	54000000	NA
6	54000001	55000000	NA
6	55000001	56000000	NA
6	56000001	57000000	5.04572206210853
6	62000001	63000000	NA
6	63000001	64000000	0.295073756769398
6	64000001	65000000	NA
6	65000001	66000000	NA
6	66000001	67000000	NA
6	67000001	68000000	NA
6	68000001	69000000	NA
6	69000001	70000000	NA
6	70000001	71000000	NA
6	71000001	72000000	NA
6	72000001	73000000	NA
6	73000001	74000000	5.19665208141406
6	74000001	75000000	NA
6	75000001	76000000	2.2829928921395
6	76000001	77000000	NA
6	77000001	78000000	NA
6	78000001	79000000	0.421078649474475
6	79000001	80000000	NA
6	80000001	81000000	NA
6	81000001	82000000	2.16824330975499
6	82000001	83000000	2.18669818875073
6	83000001	84000000	1.38137702642142
6	84000001	85000000	NA
6	85000001	86000000	1.88274875877599
6	87000001	88000000	2.76951733878497
6	88000001	89000000	NA
6	89000001	90000000	1.00667524717486
6	90000001	91000000	1.29780975337266
6	91000001	92000000	0.537177002604635
6	92000001	93000000	NA
6	93000001	94000000	NA
6	94000001	95000000	NA
6	95000001	96000000	NA
6	96000001	97000000	NA
6	97000001	98000000	NA
6	98000001	99000000	NA
6	99000001	100000000	3.96974096274625
6	100000001	101000000	NA
6	101000001	102000000	1.31844308968648
6	102000001	103000000	NA
6	103000001	104000000	NA
6	104000001	105000000	NA
6	105000001	106000000	NA
6	106000001	107000000	NA
6	107000001	108000000	5.77681348359996
6	108000001	109000000	2.15905567604634
6	109000001	110000000	0.568464061280873
6	110000001	111000000	NA
6	111000001	112000000	4.93591097851867
6	112000001	113000000	NA
6	113000001	114000000	1.17330141199938
6	114000001	115000000	NA
6	115000001	116000000	NA
6	116000001	117000000	0.36931866050302
6	117000001	118000000	NA
6	118000001	119000000	1.26393255148672
6	119000001	120000000	NA
6	120000001	121000000	NA
6	121000001	122000000	NA
6	122000001	123000000	2.44630260757981
6	123000001	124000000	NA
6	124000001	125000000	NA
6	125000001	126000000	0.297082719537051
6	126000001	127000000	NA
6	127000001	128000000	1.45860830386256
6	128000001	129000000	NA
6	129000001	130000000	0.274527936611407
6	130000001	131000000	0.308576819138184
6	131000001	132000000	7.1012270688657
6	132000001	133000000	NA
6	133000001	134000000	NA
6	134000001	135000000	NA
6	135000001	136000000	2.97493809412698
6	136000001	137000000	NA
6	137000001	138000000	NA
6	138000001	139000000	2.43974095433797
6	139000001	140000000	NA
6	140000001	141000000	NA
6	141000001	142000000	NA
6	142000001	143000000	2.18391191448627
6	143000001	144000000	1.37253797054717
6	144000001	145000000	0.259342559406078
6	145000001	146000000	NA
6	146000001	147000000	NA
6	147000001	148000000	1.82162106424756
6	148000001	149000000	NA
6	149000001	150000000	1.03047048211004
6	150000001	151000000	1.03217863761877
6	151000001	152000000	0.296120070957678
6	152000001	153000000	1.77421912242309
6	153000001	154000000	1.3081595094815
6	154000001	155000000	1.50558495162217
6	155000001	156000000	NA
6	156000001	157000000	NA
6	157000001	158000000	1.17950988691119
6	158000001	159000000	6.88774641374047
6	159000001	160000000	2.31334493119382
6	160000001	161000000	0.0367894049516292
6	161000001	162000000	5.87984429716439
6	162000001	163000000	NA
6	163000001	164000000	NA
6	164000001	165000000	NA
6	165000001	166000000	NA
6	166000001	167000000	NA
6	168000001	169000000	NA
6	169000001	170000000	3.35547140473573
7	1	1000000	NA
7	1000001	2000000	0.702226040940625
7	2000001	3000000	-0.264658047354679
7	3000001	4000000	0.117111515723107
7	4000001	5000000	3.78570564569981
7	7000001	8000000	1.37664759618748
7	8000001	9000000	0.196751974067813
7	9000001	10000000	NA
7	10000001	11000000	NA
7	11000001	12000000	1.02347083126095
7	12000001	13000000	2.386966105631
7	13000001	14000000	NA
7	14000001	15000000	NA
7	15000001	16000000	NA
7	16000001	17000000	NA
7	17000001	18000000	1.83604638154426
7	18000001	19000000	0.511022543465128
7	19000001	20000000	2.62340266792061
7	20000001	21000000	1.82857846187791
7	21000001	22000000	NA
7	22000001	23000000	0.647845731125563
7	23000001	24000000	NA
7	24000001	25000000	0.459385039926463
7	25000001	26000000	NA
7	26000001	27000000	2.77549979559178
7	27000001	28000000	2.78548778251801
7	28000001	29000000	6.82036006074573
7	29000001	30000000	2.39369902021733
7	30000001	31000000	1.22537946620113
7	31000001	32000000	NA
7	33000001	34000000	NA
7	34000001	35000000	NA
7	36000001	37000000	NA
7	37000001	38000000	3.84729651341328
7	38000001	39000000	NA
7	39000001	40000000	0.543131634995366
7	40000001	41000000	0.343273085010296
7	41000001	42000000	1.90356530668582
7	42000001	43000000	NA
7	43000001	44000000	0.185593071529771
7	44000001	45000000	4.68614954799828
7	46000001	47000000	NA
7	47000001	48000000	NA
7	48000001	49000000	0.467766207263696
7	49000001	50000000	NA
7	50000001	51000000	NA
7	51000001	52000000	1.16407268038285
7	52000001	53000000	NA
7	53000001	54000000	NA
7	54000001	55000000	NA
7	55000001	56000000	NA
7	64000001	65000000	NA
7	66000001	67000000	2.19616786359832
7	68000001	69000000	NA
7	69000001	70000000	1.27719711276457
7	70000001	71000000	NA
7	71000001	72000000	NA
7	78000001	79000000	0.197805516549582
7	79000001	80000000	0.977695772621645
7	80000001	81000000	NA
7	81000001	82000000	NA
7	82000001	83000000	NA
7	83000001	84000000	NA
7	84000001	85000000	NA
7	85000001	86000000	NA
7	86000001	87000000	NA
7	87000001	88000000	NA
7	88000001	89000000	0.464500166133212
7	89000001	90000000	NA
7	90000001	91000000	5.47038675440087
7	91000001	92000000	2.17772385232449
7	92000001	93000000	2.27431660602783
7	93000001	94000000	7.89801165253254
7	94000001	95000000	1.8212188313901
7	95000001	96000000	2.58976745732517
7	96000001	97000000	1.31222046934583
7	98000001	99000000	1.63534812992898
7	99000001	100000000	2.24132429537044
7	101000001	102000000	3.21406327653956
7	104000001	105000000	NA
7	105000001	106000000	1.99858583852346
7	106000001	107000000	2.63226152762162
7	107000001	108000000	1.25566764339085
7	108000001	109000000	0.304668603942121
7	109000001	110000000	NA
7	110000001	111000000	NA
7	111000001	112000000	2.69369055124141
7	112000001	113000000	1.79567297830384
7	113000001	114000000	NA
7	114000001	115000000	NA
7	115000001	116000000	NA
7	116000001	117000000	NA
7	117000001	118000000	0.302520335872545
7	118000001	119000000	0.994791902797633
7	119000001	120000000	NA
7	120000001	121000000	0.656836095278576
7	121000001	122000000	5.35673071646364
7	122000001	123000000	NA
7	123000001	124000000	1.43867140924099
7	124000001	125000000	NA
7	125000001	126000000	NA
7	126000001	127000000	NA
7	127000001	128000000	0.43763633007426
7	129000001	130000000	3.60497898121517
7	130000001	131000000	NA
7	131000001	132000000	2.8600503305514
7	132000001	133000000	0.187446675020787
7	133000001	134000000	NA
7	134000001	135000000	0.441752095505469
7	135000001	136000000	NA
7	136000001	137000000	NA
7	137000001	138000000	0.25564580210924
7	138000001	139000000	NA
7	139000001	140000000	2.37420629005108
7	140000001	141000000	4.40637044670438
7	141000001	142000000	0.402036020331611
7	142000001	143000000	NA
7	145000001	146000000	NA
7	146000001	147000000	NA
7	147000001	148000000	NA
7	148000001	149000000	NA
7	149000001	150000000	NA
7	151000001	152000000	3.14780634865902
7	154000001	155000000	NA
7	155000001	156000000	-0.28596258443391
7	156000001	157000000	NA
7	157000001	158000000	2.520456531795
7	158000001	159000000	NA
8	1000001	2000000	NA
8	3000001	4000000	NA
8	4000001	5000000	NA
8	5000001	6000000	NA
8	6000001	7000000	1.21791556173003
8	9000001	10000000	2.30450172981621
8	10000001	11000000	NA
8	11000001	12000000	1.8247331079691
8	13000001	14000000	5.08765083481835
8	14000001	15000000	1.38177490490592
8	15000001	16000000	NA
8	16000001	17000000	NA
8	17000001	18000000	2.92697466609122
8	18000001	19000000	NA
8	19000001	20000000	NA
8	20000001	21000000	NA
8	21000001	22000000	NA
8	22000001	23000000	3.77655943216752
8	23000001	24000000	0.0242180605552565
8	24000001	25000000	NA
8	25000001	26000000	0.412075332961122
8	26000001	27000000	NA
8	27000001	28000000	3.18293621863112
8	28000001	29000000	6.79737523630083
8	29000001	30000000	0.0538637957927849
8	30000001	31000000	1.11588096773592
8	31000001	32000000	NA
8	32000001	33000000	NA
8	33000001	34000000	NA
8	34000001	35000000	NA
8	35000001	36000000	NA
8	36000001	37000000	0.387234489060157
8	37000001	38000000	2.58073765461772
8	38000001	39000000	2.63095020803324
8	39000001	40000000	NA
8	40000001	41000000	NA
8	41000001	42000000	4.67728157519795
8	42000001	43000000	1.09699137529235
8	47000001	48000000	NA
8	48000001	49000000	NA
8	49000001	50000000	NA
8	50000001	51000000	NA
8	51000001	52000000	3.75737479505882
8	52000001	53000000	0.39589608164744
8	53000001	54000000	NA
8	54000001	55000000	0.524912138742334
8	55000001	56000000	NA
8	56000001	57000000	0.593145368578809
8	57000001	58000000	NA
8	58000001	59000000	1.35488683356444
8	59000001	60000000	1.60209210166035
8	60000001	61000000	0.476294880216169
8	61000001	62000000	NA
8	62000001	63000000	NA
8	63000001	64000000	NA
8	64000001	65000000	NA
8	65000001	66000000	1.49187648375885
8	66000001	67000000	0.434371366276739
8	67000001	68000000	2.53474284008044
8	68000001	69000000	NA
8	69000001	70000000	NA
8	70000001	71000000	2.85127414593153
8	71000001	72000000	3.17686483196085
8	72000001	73000000	NA
8	73000001	74000000	2.03615119774745
8	74000001	75000000	NA
8	75000001	76000000	NA
8	76000001	77000000	NA
8	77000001	78000000	NA
8	78000001	79000000	1.04323455519766
8	79000001	80000000	2.30200739301723
8	80000001	81000000	NA
8	81000001	82000000	NA
8	82000001	83000000	NA
8	83000001	84000000	NA
8	84000001	85000000	NA
8	86000001	87000000	NA
8	87000001	88000000	NA
8	88000001	89000000	NA
8	89000001	90000000	NA
8	90000001	91000000	NA
8	91000001	92000000	1.31556234963729
8	92000001	93000000	NA
8	93000001	94000000	0.500151674718938
8	94000001	95000000	6.15620889322046
8	95000001	96000000	NA
8	96000001	97000000	0.453592110138928
8	97000001	98000000	1.88787953956878
8	98000001	99000000	0.61087274218598
8	99000001	100000000	6.96413604388914
8	100000001	101000000	NA
8	101000001	102000000	1.10380193187549
8	102000001	103000000	2.00933627616757
8	103000001	104000000	3.60851656164813
8	104000001	105000000	NA
8	105000001	106000000	NA
8	106000001	107000000	0.223762577725027
8	107000001	108000000	NA
8	108000001	109000000	0.424083824177734
8	109000001	110000000	1.91383107930619
8	110000001	111000000	NA
8	111000001	112000000	NA
8	112000001	113000000	NA
8	113000001	114000000	NA
8	114000001	115000000	NA
8	115000001	116000000	5.31733164273054
8	116000001	117000000	NA
8	117000001	118000000	NA
8	118000001	119000000	1.32798462304635
8	119000001	120000000	4.21799200644458
8	120000001	121000000	NA
8	121000001	122000000	NA
8	122000001	123000000	1.43727547602687
8	123000001	124000000	1.0942336267032
8	124000001	125000000	2.38890743559524
8	125000001	126000000	0.172138757356324
8	126000001	127000000	NA
8	127000001	128000000	NA
8	128000001	129000000	NA
8	129000001	130000000	1.34123800015801
8	130000001	131000000	3.86044711830364
8	131000001	132000000	NA
8	132000001	133000000	0.212190367297448
8	133000001	134000000	2.86222100939627
8	134000001	135000000	NA
8	135000001	136000000	NA
8	136000001	137000000	NA
8	137000001	138000000	NA
8	138000001	139000000	NA
8	139000001	140000000	0.719343359083578
8	140000001	141000000	5.71225544702548
8	141000001	142000000	NA
8	142000001	143000000	NA
8	143000001	144000000	NA
8	144000001	145000000	5.06386893590086
9	1000001	2000000	NA
9	2000001	3000000	1.44676881143576
9	3000001	4000000	NA
9	4000001	5000000	NA
9	5000001	6000000	NA
9	6000001	7000000	2.05095300127655
9	7000001	8000000	0.354110995233539
9	8000001	9000000	NA
9	9000001	10000000	NA
9	10000001	11000000	NA
9	11000001	12000000	NA
9	12000001	13000000	1.8974673753598
9	13000001	14000000	NA
9	14000001	15000000	NA
9	15000001	16000000	NA
9	16000001	17000000	NA
9	17000001	18000000	2.36908319931437
9	18000001	19000000	NA
9	19000001	20000000	5.65896103412487
9	20000001	21000000	NA
9	21000001	22000000	NA
9	22000001	23000000	NA
9	23000001	24000000	NA
9	24000001	25000000	NA
9	25000001	26000000	NA
9	26000001	27000000	NA
9	27000001	28000000	1.40360836243957
9	28000001	29000000	NA
9	29000001	30000000	NA
9	30000001	31000000	NA
9	31000001	32000000	NA
9	32000001	33000000	2.7998452851441
9	34000001	35000000	-0.323230120664509
9	35000001	36000000	3.03367944028415
9	36000001	37000000	5.62139668545922
9	37000001	38000000	6.77917477097672
9	69000001	70000000	NA
9	70000001	71000000	NA
9	71000001	72000000	5.35486105311665
9	72000001	73000000	5.22421669318066
9	73000001	74000000	NA
9	74000001	75000000	NA
9	75000001	76000000	NA
9	76000001	77000000	3.56795590546148
9	77000001	78000000	0.452571569413589
9	78000001	79000000	NA
9	79000001	80000000	NA
9	80000001	81000000	NA
9	81000001	82000000	NA
9	82000001	83000000	NA
9	83000001	84000000	NA
9	84000001	85000000	NA
9	85000001	86000000	0.443422657712255
9	86000001	87000000	NA
9	87000001	88000000	NA
9	88000001	89000000	NA
9	89000001	90000000	NA
9	90000001	91000000	NA
9	91000001	92000000	2.30057801954753
9	92000001	93000000	0.941126651454955
9	93000001	94000000	2.6427218355573
9	95000001	96000000	1.58754381190921
9	96000001	97000000	-0.0474091930306315
9	97000001	98000000	0.913837223852288
9	98000001	99000000	NA
9	99000001	100000000	2.99736968341441
9	100000001	101000000	NA
9	101000001	102000000	5.4976444889715
9	102000001	103000000	NA
9	103000001	104000000	NA
9	104000001	105000000	NA
9	105000001	106000000	NA
9	106000001	107000000	NA
9	107000001	108000000	0.0812950506415063
9	108000001	109000000	5.33748505268326
9	109000001	110000000	NA
9	110000001	111000000	3.11647980874569
9	111000001	112000000	2.79922692422302
9	112000001	113000000	NA
9	113000001	114000000	1.5648586160698
9	114000001	115000000	1.5960338043618
9	115000001	116000000	NA
9	116000001	117000000	NA
9	117000001	118000000	NA
9	118000001	119000000	NA
9	119000001	120000000	NA
9	120000001	121000000	0.987250955015868
9	121000001	122000000	NA
9	122000001	123000000	1.27616487695829
9	123000001	124000000	NA
9	124000001	125000000	4.56190560526771
9	125000001	126000000	5.55835106027799
9	126000001	127000000	0.592163089822795
9	127000001	128000000	1.96270964137342
9	128000001	129000000	3.74098423122641
9	129000001	130000000	NA
9	130000001	131000000	7.21792537023921
9	131000001	132000000	NA
9	132000001	133000000	6.42510287373652
9	133000001	134000000	4.73680217485184
9	134000001	135000000	NA
9	135000001	136000000	-1.35992947314705
9	136000001	137000000	NA
9	137000001	138000000	1.79125510253239
10	1000001	2000000	3.29262971654379
10	2000001	3000000	NA
10	3000001	4000000	4.2250513195205
10	4000001	5000000	NA
10	5000001	6000000	0.197250354203471
10	6000001	7000000	NA
10	7000001	8000000	2.86915906548797
10	8000001	9000000	NA
10	9000001	10000000	NA
10	10000001	11000000	NA
10	11000001	12000000	1.65715485662999
10	12000001	13000000	0.804842002655189
10	13000001	14000000	1.60676778984308
10	14000001	15000000	2.81447041934503
10	15000001	16000000	NA
10	16000001	17000000	NA
10	17000001	18000000	3.00498813286531
10	18000001	19000000	2.05023047248443
10	19000001	20000000	NA
10	20000001	21000000	NA
10	21000001	22000000	1.40196565991339
10	22000001	23000000	NA
10	23000001	24000000	NA
10	24000001	25000000	NA
10	25000001	26000000	NA
10	26000001	27000000	NA
10	27000001	28000000	3.12787264020163
10	28000001	29000000	3.86703674223265
10	29000001	30000000	NA
10	30000001	31000000	NA
10	31000001	32000000	2.17939738789651
10	32000001	33000000	0.276025330049629
10	33000001	34000000	NA
10	34000001	35000000	0.387670227533922
10	35000001	36000000	5.04599629899341
10	36000001	37000000	NA
10	43000001	44000000	NA
10	44000001	45000000	4.00585398327714
10	51000001	52000000	0.381545545842816
10	52000001	53000000	NA
10	53000001	54000000	NA
10	54000001	55000000	NA
10	55000001	56000000	NA
10	56000001	57000000	NA
10	57000001	58000000	NA
10	58000001	59000000	NA
10	59000001	60000000	NA
10	60000001	61000000	NA
10	61000001	62000000	0.206159113394071
10	62000001	63000000	NA
10	63000001	64000000	4.39110158259044
10	64000001	65000000	NA
10	65000001	66000000	NA
10	66000001	67000000	NA
10	67000001	68000000	NA
10	68000001	69000000	3.68214772889885
10	69000001	70000000	-0.27839581720618
10	70000001	71000000	2.76561712954377
10	71000001	72000000	8.75967344570414
10	72000001	73000000	2.02045597184298
10	73000001	74000000	1.91914898446472
10	74000001	75000000	4.77255140271791
10	75000001	76000000	NA
10	76000001	77000000	NA
10	77000001	78000000	NA
10	78000001	79000000	2.13943996793738
10	80000001	81000000	0.0195594681706979
10	81000001	82000000	NA
10	82000001	83000000	NA
10	83000001	84000000	NA
10	84000001	85000000	NA
10	85000001	86000000	NA
10	86000001	87000000	5.5093097940606
10	88000001	89000000	NA
10	89000001	90000000	NA
10	90000001	91000000	NA
10	91000001	92000000	3.08442392661396
10	92000001	93000000	2.00066080546294
10	93000001	94000000	0.00844122958580214
10	94000001	95000000	0.30715909956482
10	95000001	96000000	1.42045789725403
10	96000001	97000000	0.23409898196443
10	97000001	98000000	4.27678760066807
10	98000001	99000000	0.448383923489629
10	99000001	100000000	0.357837414943284
10	100000001	101000000	-0.34942088891483
10	101000001	102000000	-0.368687580937189
10	102000001	103000000	5.70824503073469
10	103000001	104000000	5.34644255171395
10	104000001	105000000	5.24477331534528
10	105000001	106000000	NA
10	106000001	107000000	NA
10	107000001	108000000	NA
10	108000001	109000000	NA
10	109000001	110000000	NA
10	110000001	111000000	1.85508093006609
10	111000001	112000000	3.54380612062853
10	112000001	113000000	NA
10	113000001	114000000	2.87236304887931
10	114000001	115000000	NA
10	115000001	116000000	NA
10	116000001	117000000	0.129715589152595
10	117000001	118000000	0.116182396513186
10	118000001	119000000	2.26275363170925
10	119000001	120000000	1.49257676111214
10	120000001	121000000	2.94029737221085
10	121000001	122000000	4.81696513788785
10	122000001	123000000	1.08084393716655
10	123000001	124000000	0.0955555808761631
10	124000001	125000000	NA
10	125000001	126000000	2.60523231713877
10	126000001	127000000	NA
10	127000001	128000000	NA
10	128000001	129000000	NA
10	129000001	130000000	NA
10	130000001	131000000	NA
10	131000001	132000000	NA
10	132000001	133000000	-0.73742669371173
11	1000001	2000000	6.85769404721602
11	2000001	3000000	5.47811722088497
11	5000001	6000000	NA
11	6000001	7000000	0.295708926973978
11	7000001	8000000	NA
11	8000001	9000000	4.24738742512898
11	9000001	10000000	1.15920370440473
11	10000001	11000000	1.32902094312898
11	11000001	12000000	0.106272017929231
11	12000001	13000000	1.16575083111275
11	13000001	14000000	NA
11	14000001	15000000	4.77150174461464
11	15000001	16000000	NA
11	16000001	17000000	2.7105460448339
11	17000001	18000000	4.27284694017058
11	18000001	19000000	5.02819150262188
11	19000001	20000000	-0.00378327770934893
11	20000001	21000000	NA
11	21000001	22000000	NA
11	22000001	23000000	NA
11	23000001	24000000	NA
11	24000001	25000000	NA
11	25000001	26000000	NA
11	26000001	27000000	NA
11	27000001	28000000	NA
11	28000001	29000000	NA
11	29000001	30000000	NA
11	30000001	31000000	NA
11	31000001	32000000	NA
11	32000001	33000000	0.542734632904938
11	33000001	34000000	2.45525231108317
11	34000001	35000000	1.020824292594
11	35000001	36000000	1.16589713912033
11	36000001	37000000	NA
11	37000001	38000000	NA
11	38000001	39000000	NA
11	39000001	40000000	NA
11	40000001	41000000	NA
11	41000001	42000000	NA
11	42000001	43000000	NA
11	43000001	44000000	5.40665217220373
11	44000001	45000000	-0.159847597994987
11	45000001	46000000	-0.421790822256742
11	46000001	47000000	2.77077434624879
11	47000001	48000000	2.26592899871972
11	56000001	57000000	NA
11	57000001	58000000	3.51784020190691
11	58000001	59000000	NA
11	59000001	60000000	1.5732156277979
11	60000001	61000000	1.27283151635684
11	61000001	62000000	1.6245220677958
11	62000001	63000000	6.43578925089452
11	64000001	65000000	3.45110448448306
11	65000001	66000000	8.68777034056087
11	66000001	67000000	3.49612629838221
11	68000001	69000000	1.77065517633225
11	69000001	70000000	-0.556213280305254
11	70000001	71000000	NA
11	72000001	73000000	3.80940623151006
11	73000001	74000000	1.4426090763169
11	74000001	75000000	2.3852482123589
11	75000001	76000000	3.65035460454298
11	76000001	77000000	NA
11	77000001	78000000	NA
11	78000001	79000000	1.99794316374421
11	79000001	80000000	0.192351521401711
11	80000001	81000000	0.262054053600933
11	81000001	82000000	NA
11	82000001	83000000	1.96030483795252
11	83000001	84000000	1.50566136965611
11	84000001	85000000	NA
11	85000001	86000000	5.34710457012095
11	86000001	87000000	1.58331649029262
11	87000001	88000000	NA
11	88000001	89000000	NA
11	91000001	92000000	NA
11	92000001	93000000	0.531899261949296
11	93000001	94000000	0.628654761335837
11	94000001	95000000	0.437925825210294
11	95000001	96000000	2.47224266894938
11	96000001	97000000	NA
11	97000001	98000000	NA
11	98000001	99000000	NA
11	99000001	100000000	NA
11	100000001	101000000	1.98061352051403
11	101000001	102000000	NA
11	102000001	103000000	1.5883431869403
11	103000001	104000000	NA
11	104000001	105000000	NA
11	105000001	106000000	NA
11	106000001	107000000	1.8566525574657
11	107000001	108000000	1.46990278901672
11	108000001	109000000	2.0910453692003
11	109000001	110000000	NA
11	110000001	111000000	NA
11	111000001	112000000	1.47825738456611
11	112000001	113000000	NA
11	113000001	114000000	0.0257938775407587
11	114000001	115000000	NA
11	115000001	116000000	NA
11	116000001	117000000	NA
11	117000001	118000000	2.45359781472312
11	118000001	119000000	4.47067918708385
11	119000001	120000000	2.31413890550466
11	120000001	121000000	NA
11	121000001	122000000	NA
11	122000001	123000000	NA
11	123000001	124000000	NA
11	124000001	125000000	4.42604892626698
11	125000001	126000000	2.15300313306395
11	126000001	127000000	1.73334883890061
11	127000001	128000000	NA
11	128000001	129000000	NA
11	129000001	130000000	0.587430864884191
11	130000001	131000000	2.49794559812248
11	131000001	132000000	NA
11	132000001	133000000	NA
11	133000001	134000000	NA
11	134000001	135000000	NA
12	1	1000000	NA
12	1000001	2000000	4.54924149970432
12	2000001	3000000	NA
12	3000001	4000000	NA
12	4000001	5000000	2.00001892862789
12	5000001	6000000	NA
12	6000001	7000000	NA
12	7000001	8000000	NA
12	10000001	11000000	2.39770912656793
12	11000001	12000000	5.71866369090515
12	12000001	13000000	0.0208637065498984
12	13000001	14000000	NA
12	14000001	15000000	1.47742679494676
12	15000001	16000000	5.53508974214149
12	16000001	17000000	NA
12	17000001	18000000	NA
12	18000001	19000000	NA
12	19000001	20000000	2.28359202085193
12	20000001	21000000	NA
12	21000001	22000000	2.04245064312757
12	22000001	23000000	1.33508293015753
12	23000001	24000000	0.681297863126026
12	24000001	25000000	NA
12	25000001	26000000	2.45013500671382
12	26000001	27000000	2.85081692849392
12	27000001	28000000	NA
12	28000001	29000000	NA
12	29000001	30000000	NA
12	30000001	31000000	1.60732883185343
12	32000001	33000000	4.48448522968853
12	33000001	34000000	NA
12	39000001	40000000	3.96241758915643
12	40000001	41000000	NA
12	41000001	42000000	NA
12	42000001	43000000	NA
12	43000001	44000000	NA
12	44000001	45000000	NA
12	45000001	46000000	4.53002517658759
12	46000001	47000000	NA
12	47000001	48000000	0.0832590162674458
12	48000001	49000000	4.1708719333526
12	49000001	50000000	2.73485800711781
12	50000001	51000000	3.16337540467735
12	51000001	52000000	2.36750263789283
12	52000001	53000000	0.723681805381423
12	53000001	54000000	1.49264481987005
12	54000001	55000000	-0.147259210118014
12	55000001	56000000	4.97872972959369
12	56000001	57000000	4.70407706541563
12	57000001	58000000	3.84787557675141
12	58000001	59000000	NA
12	59000001	60000000	NA
12	60000001	61000000	NA
12	61000001	62000000	1.54999083401415
12	62000001	63000000	NA
12	64000001	65000000	NA
12	65000001	66000000	0.240504606555305
12	66000001	67000000	NA
12	67000001	68000000	NA
12	68000001	69000000	6.16962300816514
12	69000001	70000000	1.59259950594396
12	70000001	71000000	NA
12	71000001	72000000	2.78856004792781
12	72000001	73000000	NA
12	73000001	74000000	NA
12	74000001	75000000	NA
12	75000001	76000000	1.79596822353803
12	76000001	77000000	1.86294254703891
12	77000001	78000000	NA
12	78000001	79000000	NA
12	79000001	80000000	6.49049737968795
12	80000001	81000000	NA
12	81000001	82000000	NA
12	82000001	83000000	0.426913369833595
12	83000001	84000000	NA
12	84000001	85000000	NA
12	85000001	86000000	NA
12	86000001	87000000	NA
12	87000001	88000000	NA
12	88000001	89000000	3.42126182593813
12	89000001	90000000	1.84359582101543
12	90000001	91000000	NA
12	91000001	92000000	NA
12	92000001	93000000	3.42843353108891
12	93000001	94000000	NA
12	94000001	95000000	0.126700519173395
12	95000001	96000000	2.91434363972947
12	96000001	97000000	2.08211419368289
12	97000001	98000000	NA
12	98000001	99000000	0.527437655820462
12	99000001	100000000	NA
12	100000001	101000000	5.01854190169492
12	101000001	102000000	1.61597558503123
12	102000001	103000000	NA
12	103000001	104000000	3.99558067400436
12	104000001	105000000	3.4537306338995
12	105000001	106000000	NA
12	106000001	107000000	5.40105594753776
12	107000001	108000000	1.58200501692108
12	108000001	109000000	1.31124294239559
12	109000001	110000000	0.812322847655825
12	110000001	111000000	-0.0926059415659771
12	111000001	112000000	0.486240668351874
12	112000001	113000000	1.05199812312201
12	113000001	114000000	NA
12	114000001	115000000	NA
12	115000001	116000000	NA
12	116000001	117000000	2.29070831057736
12	117000001	118000000	1.17909850815726
12	118000001	119000000	1.60379778014907
12	119000001	120000000	NA
12	120000001	121000000	6.71475639578266
12	121000001	122000000	1.39766140513755
12	122000001	123000000	NA
12	123000001	124000000	NA
12	124000001	125000000	5.1985987546243
12	125000001	126000000	0.0623432018126646
12	126000001	127000000	NA
12	127000001	128000000	NA
12	128000001	129000000	NA
12	129000001	130000000	0.196348324587995
12	130000001	131000000	0.537030760853199
12	131000001	132000000	-0.406263459042098
12	132000001	133000000	NA
13	20000001	21000000	4.77054755274484
13	21000001	22000000	1.85153240885787
13	22000001	23000000	NA
13	23000001	24000000	0.500823548819894
13	24000001	25000000	0.895249905326683
13	25000001	26000000	0.216703569614974
13	26000001	27000000	6.58091084063549
13	27000001	28000000	5.20704842120271
13	28000001	29000000	NA
13	29000001	30000000	5.03161689672703
13	30000001	31000000	NA
13	31000001	32000000	NA
13	32000001	33000000	1.3948185650075
13	33000001	34000000	NA
13	34000001	35000000	NA
13	35000001	36000000	NA
13	36000001	37000000	1.30971305422045
13	37000001	38000000	1.42996507036377
13	38000001	39000000	1.34742349194188
13	39000001	40000000	2.7786819656996
13	40000001	41000000	3.30255059097467
13	41000001	42000000	NA
13	42000001	43000000	0.563915564353069
13	43000001	44000000	NA
13	44000001	45000000	0.213504372220213
13	45000001	46000000	2.74770011186864
13	46000001	47000000	NA
13	47000001	48000000	NA
13	48000001	49000000	0.559068200362732
13	49000001	50000000	2.62868107165887
13	50000001	51000000	NA
13	51000001	52000000	1.94112548201567
13	53000001	54000000	NA
13	54000001	55000000	NA
13	55000001	56000000	NA
13	56000001	57000000	NA
13	57000001	58000000	2.34627321244441
13	58000001	59000000	NA
13	59000001	60000000	NA
13	60000001	61000000	NA
13	61000001	62000000	NA
13	62000001	63000000	NA
13	63000001	64000000	NA
13	64000001	65000000	NA
13	65000001	66000000	NA
13	66000001	67000000	NA
13	67000001	68000000	NA
13	68000001	69000000	NA
13	69000001	70000000	NA
13	70000001	71000000	NA
13	71000001	72000000	2.21193408641667
13	72000001	73000000	0.277024745438032
13	73000001	74000000	1.341587408031
13	74000001	75000000	1.22515597664934
13	75000001	76000000	NA
13	76000001	77000000	NA
13	77000001	78000000	NA
13	78000001	79000000	NA
13	79000001	80000000	0.390224290499199
13	80000001	81000000	NA
13	81000001	82000000	NA
13	82000001	83000000	NA
13	83000001	84000000	NA
13	84000001	85000000	NA
13	85000001	86000000	NA
13	86000001	87000000	NA
13	87000001	88000000	NA
13	88000001	89000000	NA
13	89000001	90000000	NA
13	90000001	91000000	NA
13	91000001	92000000	NA
13	92000001	93000000	NA
13	93000001	94000000	0.345246918928424
13	94000001	95000000	NA
13	95000001	96000000	NA
13	96000001	97000000	NA
13	97000001	98000000	0.650997851108626
13	98000001	99000000	0.168682800606694
13	99000001	100000000	0.00967842060826966
13	100000001	101000000	NA
13	101000001	102000000	0.192468100371762
13	102000001	103000000	NA
13	103000001	104000000	NA
13	104000001	105000000	NA
13	105000001	106000000	NA
13	106000001	107000000	NA
13	107000001	108000000	NA
13	108000001	109000000	NA
13	109000001	110000000	NA
13	110000001	111000000	6.42710707950174
13	112000001	113000000	0.836827083642487
13	113000001	114000000	NA
14	20000001	21000000	NA
14	21000001	22000000	1.82509389937108
14	22000001	23000000	2.21884623960601
14	23000001	24000000	3.05474128428704
14	24000001	25000000	4.47429101210372
14	25000001	26000000	NA
14	26000001	27000000	NA
14	27000001	28000000	NA
14	28000001	29000000	NA
14	29000001	30000000	NA
14	30000001	31000000	4.647379543544
14	31000001	32000000	0.665147880475793
14	32000001	33000000	3.11470609006097
14	33000001	34000000	0.337060685607357
14	34000001	35000000	2.82176684758474
14	35000001	36000000	6.41925701321476
14	36000001	37000000	0.531931043442088
14	37000001	38000000	0.39235122197385
14	38000001	39000000	NA
14	39000001	40000000	1.14612964162129
14	40000001	41000000	NA
14	41000001	42000000	NA
14	42000001	43000000	NA
14	43000001	44000000	NA
14	44000001	45000000	0.373944547342092
14	45000001	46000000	0.320951776847002
14	46000001	47000000	NA
14	47000001	48000000	NA
14	48000001	49000000	NA
14	49000001	50000000	1.62063235492808
14	50000001	51000000	2.00775454251173
14	51000001	52000000	2.95223855009871
14	52000001	53000000	0.593655513283922
14	53000001	54000000	NA
14	54000001	55000000	2.79186954319866
14	55000001	56000000	0.419176817000356
14	56000001	57000000	NA
14	57000001	58000000	0.463354762079354
14	58000001	59000000	3.73156463085694
14	59000001	60000000	0.508028008756507
14	60000001	61000000	NA
14	61000001	62000000	0.398289348968143
14	62000001	63000000	NA
14	63000001	64000000	0.494962433049034
14	64000001	65000000	1.09664603235366
14	65000001	66000000	NA
14	66000001	67000000	1.97892797148095
14	67000001	68000000	2.38963103416356
14	68000001	69000000	4.45366294099144
14	69000001	70000000	3.32823793481946
14	70000001	71000000	0.355315693278577
14	71000001	72000000	2.98038572002498
14	72000001	73000000	NA
14	73000001	74000000	1.81264495146411
14	74000001	75000000	5.26583316871062
14	75000001	76000000	1.13664455574941
14	76000001	77000000	3.38079896049766
14	77000001	78000000	-0.387242793310052
14	78000001	79000000	NA
14	79000001	80000000	NA
14	80000001	81000000	NA
14	81000001	82000000	0.454517957612515
14	82000001	83000000	NA
14	83000001	84000000	NA
14	84000001	85000000	NA
14	85000001	86000000	NA
14	86000001	87000000	NA
14	87000001	88000000	NA
14	88000001	89000000	1.45264515788706
14	89000001	90000000	6.51688776959982
14	90000001	91000000	2.99040703435958
14	91000001	92000000	NA
14	92000001	93000000	0.462305958436351
14	93000001	94000000	NA
14	94000001	95000000	NA
14	95000001	96000000	-0.174399288156868
14	96000001	97000000	NA
14	97000001	98000000	NA
14	98000001	99000000	2.32155872173204
14	99000001	100000000	NA
14	100000001	101000000	4.67617743784071
14	101000001	102000000	NA
14	102000001	103000000	5.40838902362813
14	103000001	104000000	6.55702087702356
14	104000001	105000000	NA
15	25000001	26000000	NA
15	26000001	27000000	NA
15	27000001	28000000	NA
15	29000001	30000000	NA
15	31000001	32000000	NA
15	33000001	34000000	NA
15	34000001	35000000	1.297967785245
15	35000001	36000000	2.53364796969647
15	36000001	37000000	NA
15	37000001	38000000	0.408913183354046
15	38000001	39000000	1.50429169976401
15	39000001	40000000	7.97975719809936
15	40000001	41000000	2.67517440185409
15	41000001	42000000	-0.544726660348587
15	42000001	43000000	-0.00636335020818373
15	44000001	45000000	3.13040209534761
15	45000001	46000000	1.20636283386704
15	46000001	47000000	NA
15	47000001	48000000	NA
15	48000001	49000000	2.24420526695236
15	49000001	50000000	NA
15	50000001	51000000	NA
15	51000001	52000000	2.50045582064472
15	52000001	53000000	3.01313936199828
15	53000001	54000000	NA
15	54000001	55000000	NA
15	55000001	56000000	5.6104521442536
15	56000001	57000000	4.07169681838214
15	57000001	58000000	NA
15	58000001	59000000	0.426994698616562
15	59000001	60000000	2.21509416107375
15	60000001	61000000	1.45958636775648
15	61000001	62000000	6.42087467768529
15	62000001	63000000	4.16743101479401
15	63000001	64000000	3.63648760871409
15	64000001	65000000	3.77479980557071
15	65000001	66000000	2.32336024650371
15	66000001	67000000	-0.416116875981229
15	67000001	68000000	0.135292581486962
15	68000001	69000000	1.68163084368546
15	69000001	70000000	NA
15	70000001	71000000	NA
15	71000001	72000000	NA
15	72000001	73000000	4.33093692287952
15	73000001	74000000	8.42511962870092
15	74000001	75000000	2.20920084480207
15	76000001	77000000	3.63944161185853
15	77000001	78000000	1.59970325720614
15	78000001	79000000	0.66928227954707
15	79000001	80000000	NA
15	80000001	81000000	0.299597535215804
15	81000001	82000000	0.571320042883206
15	83000001	84000000	1.56639582171632
15	86000001	87000000	NA
15	87000001	88000000	NA
15	88000001	89000000	NA
15	89000001	90000000	4.86535678118272
15	90000001	91000000	5.64735262959743
15	91000001	92000000	NA
15	92000001	93000000	0.0855817060532282
15	93000001	94000000	0.218023544917422
15	94000001	95000000	NA
15	95000001	96000000	NA
15	96000001	97000000	NA
15	97000001	98000000	NA
15	98000001	99000000	NA
15	99000001	100000000	0.286067517514348
15	100000001	101000000	NA
16	1	1000000	NA
16	1000001	2000000	NA
16	3000001	4000000	4.62739520125745
16	4000001	5000000	-0.534346811948631
16	5000001	6000000	NA
16	6000001	7000000	NA
16	7000001	8000000	NA
16	8000001	9000000	0.0105305148957294
16	9000001	10000000	NA
16	10000001	11000000	-0.304227386969679
16	11000001	12000000	2.95104370721474
16	12000001	13000000	-0.486185528420189
16	13000001	14000000	NA
16	17000001	18000000	NA
16	19000001	20000000	-0.0974810187955292
16	20000001	21000000	NA
16	23000001	24000000	1.94044715209146
16	24000001	25000000	0.244557012082324
16	25000001	26000000	NA
16	26000001	27000000	NA
16	27000001	28000000	NA
16	47000001	48000000	0.451028984675218
16	48000001	49000000	1.7152475964397
16	49000001	50000000	NA
16	50000001	51000000	-0.174688125468836
16	51000001	52000000	NA
16	52000001	53000000	NA
16	53000001	54000000	3.60556161830175
16	54000001	55000000	NA
16	55000001	56000000	NA
16	56000001	57000000	3.25643385680242
16	57000001	58000000	-0.0641355008874591
16	58000001	59000000	1.16744306801006
16	59000001	60000000	NA
16	60000001	61000000	NA
16	61000001	62000000	2.08240724803849
16	62000001	63000000	NA
16	63000001	64000000	NA
16	64000001	65000000	NA
16	65000001	66000000	NA
16	66000001	67000000	3.71539715305962
16	67000001	68000000	1.7392129643306
16	68000001	69000000	1.45238906088538
16	69000001	70000000	2.10017125438907
16	72000001	73000000	2.13996425997151
16	73000001	74000000	NA
16	74000001	75000000	3.41330062264963
16	75000001	76000000	1.8194040551039
16	76000001	77000000	NA
16	77000001	78000000	NA
16	78000001	79000000	NA
16	79000001	80000000	NA
16	80000001	81000000	NA
16	81000001	82000000	1.20962800777457
16	82000001	83000000	NA
16	83000001	84000000	NA
16	84000001	85000000	0.92040769163424
16	85000001	86000000	1.29477425903821
16	86000001	87000000	NA
16	87000001	88000000	0.909304157812291
16	89000001	90000000	0.582926907748254
17	1000001	2000000	0.227559836088881
17	2000001	3000000	0.80566384446318
17	4000001	5000000	2.09541183921705
17	5000001	6000000	1.44769893850511
17	6000001	7000000	-0.47617542337521
17	7000001	8000000	4.15406763440585
17	8000001	9000000	-0.47093409154611
17	9000001	10000000	-0.512788655811802
17	10000001	11000000	NA
17	11000001	12000000	NA
17	12000001	13000000	NA
17	13000001	14000000	NA
17	14000001	15000000	NA
17	17000001	18000000	3.02735199159392
17	27000001	28000000	1.26611741291272
17	28000001	29000000	3.97118674465641
17	29000001	30000000	1.601673744103
17	31000001	32000000	2.11642197363836
17	32000001	33000000	6.12461049136622
17	33000001	34000000	NA
17	34000001	35000000	NA
17	35000001	36000000	NA
17	39000001	40000000	5.08728339170608
17	40000001	41000000	3.07977559663008
17	41000001	42000000	2.42535486680471
17	42000001	43000000	2.65559084867902
17	44000001	45000000	3.21035165169131
17	48000001	49000000	4.74145343472932
17	49000001	50000000	1.9767043583061
17	50000001	51000000	3.34934939952366
17	51000001	52000000	1.27458752039783
17	52000001	53000000	NA
17	53000001	54000000	NA
17	54000001	55000000	NA
17	55000001	56000000	NA
17	56000001	57000000	NA
17	57000001	58000000	6.47747519961506
17	58000001	59000000	NA
17	59000001	60000000	3.59556541159482
17	60000001	61000000	NA
17	61000001	62000000	1.43926312274807
17	63000001	64000000	1.07016734131242
17	65000001	66000000	NA
17	66000001	67000000	0.0167914276610757
17	67000001	68000000	3.00831208216525
17	68000001	69000000	4.43636672733088
17	69000001	70000000	NA
17	70000001	71000000	NA
17	71000001	72000000	NA
17	72000001	73000000	NA
17	73000001	74000000	NA
17	74000001	75000000	-0.441690405040262
17	75000001	76000000	3.07076318999537
17	76000001	77000000	4.33678166040168
17	77000001	78000000	-0.27050812309058
17	78000001	79000000	5.02063412655073
17	79000001	80000000	NA
17	80000001	81000000	NA
17	81000001	82000000	NA
17	82000001	83000000	2.3942613308853
18	1000001	2000000	NA
18	2000001	3000000	1.86385415548863
18	3000001	4000000	3.69341767936149
18	4000001	5000000	NA
18	5000001	6000000	NA
18	6000001	7000000	NA
18	7000001	8000000	NA
18	8000001	9000000	NA
18	9000001	10000000	3.19666137046987
18	10000001	11000000	1.80940461758218
18	11000001	12000000	NA
18	12000001	13000000	3.4987643734113
18	13000001	14000000	NA
18	21000001	22000000	2.43918107481442
18	22000001	23000000	NA
18	23000001	24000000	NA
18	24000001	25000000	NA
18	25000001	26000000	NA
18	26000001	27000000	0.424285754439676
18	27000001	28000000	0.281251167818024
18	28000001	29000000	NA
18	29000001	30000000	NA
18	30000001	31000000	NA
18	31000001	32000000	8.1170959849724
18	32000001	33000000	NA
18	33000001	34000000	2.46286523474022
18	34000001	35000000	3.26080354738627
18	35000001	36000000	0.652944035780567
18	36000001	37000000	1.2955878119448
18	37000001	38000000	NA
18	38000001	39000000	NA
18	39000001	40000000	NA
18	40000001	41000000	NA
18	41000001	42000000	0.436826541440189
18	42000001	43000000	NA
18	43000001	44000000	1.58799099408737
18	44000001	45000000	NA
18	45000001	46000000	0.0844301926810862
18	46000001	47000000	NA
18	47000001	48000000	NA
18	48000001	49000000	2.24464753538958
18	49000001	50000000	NA
18	50000001	51000000	1.99120894902243
18	51000001	52000000	0.552866457587699
18	52000001	53000000	NA
18	53000001	54000000	NA
18	54000001	55000000	NA
18	55000001	56000000	1.25029673771758
18	56000001	57000000	NA
18	57000001	58000000	0.0721410000129705
18	58000001	59000000	0.123160547852562
18	59000001	60000000	NA
18	60000001	61000000	NA
18	61000001	62000000	NA
18	62000001	63000000	0.433782643021422
18	63000001	64000000	NA
18	64000001	65000000	NA
18	65000001	66000000	NA
18	66000001	67000000	NA
18	67000001	68000000	NA
18	68000001	69000000	NA
18	69000001	70000000	NA
18	70000001	71000000	NA
18	71000001	72000000	NA
18	72000001	73000000	NA
18	73000001	74000000	NA
18	74000001	75000000	1.48086798720112
18	75000001	76000000	5.85241487980656
18	76000001	77000000	0.0992290028288436
18	77000001	78000000	0.142194491526628
18	78000001	79000000	NA
18	79000001	80000000	NA
19	1000001	2000000	NA
19	2000001	3000000	4.4099518467429
19	3000001	4000000	3.04405834849577
19	4000001	5000000	2.59718837163842
19	5000001	6000000	2.54809181872485
19	6000001	7000000	0.782065900485955
19	7000001	8000000	2.22939078000589
19	8000001	9000000	4.25121710036892
19	9000001	10000000	3.22848492996606
19	10000001	11000000	1.85178932434354
19	11000001	12000000	1.54136772797932
19	12000001	13000000	3.65418799455784
19	13000001	14000000	-0.285340834117023
19	14000001	15000000	5.47365301112194
19	15000001	16000000	3.17478533832336
19	16000001	17000000	1.3014873089328
19	17000001	18000000	4.55253778032943
19	18000001	19000000	4.48954845101772
19	19000001	20000000	2.89999865106644
19	21000001	22000000	4.88911211497069
19	23000001	24000000	4.02076458430095
19	28000001	29000000	NA
19	29000001	30000000	NA
19	30000001	31000000	NA
19	31000001	32000000	NA
19	32000001	33000000	NA
19	33000001	34000000	NA
19	34000001	35000000	1.24164374418122
19	35000001	36000000	2.50599654971511
19	36000001	37000000	2.42766578410983
19	37000001	38000000	NA
19	38000001	39000000	4.98168479507739
19	39000001	40000000	5.28026657284569
19	40000001	41000000	2.40925689697217
19	41000001	42000000	5.01241578238697
19	44000001	45000000	-0.16359036009523
19	45000001	46000000	3.8075418577965
19	46000001	47000000	2.95208232403797
19	47000001	48000000	5.99938972480544
19	48000001	49000000	3.64653207339332
19	49000001	50000000	4.89325033068874
19	50000001	51000000	-0.596707604431832
19	51000001	52000000	NA
19	52000001	53000000	2.3382550766151
19	53000001	54000000	NA
19	55000001	56000000	0.769439691043529
19	56000001	57000000	NA
19	57000001	58000000	5.50627159612298
19	58000001	59000000	NA
20	1	1000000	NA
20	1000001	2000000	1.91569550548276
20	2000001	3000000	3.20143104874657
20	3000001	4000000	3.4143201629475
20	4000001	5000000	1.05810086838725
20	5000001	6000000	6.36180478586669
20	6000001	7000000	NA
20	7000001	8000000	0.25678504812893
20	8000001	9000000	0.171904041952071
20	9000001	10000000	3.37944044104318
20	10000001	11000000	1.68501383938037
20	11000001	12000000	NA
20	12000001	13000000	NA
20	13000001	14000000	NA
20	14000001	15000000	NA
20	15000001	16000000	NA
20	16000001	17000000	3.51761035557341
20	17000001	18000000	2.08140476467951
20	18000001	19000000	2.80480974332569
20	19000001	20000000	NA
20	20000001	21000000	NA
20	21000001	22000000	0.452080247909049
20	22000001	23000000	NA
20	23000001	24000000	1.73294029215285
20	24000001	25000000	NA
20	32000001	33000000	3.23697527925102
20	33000001	34000000	NA
20	34000001	35000000	3.02976049898301
20	35000001	36000000	4.23244355163722
20	36000001	37000000	NA
20	37000001	38000000	3.58638017078501
20	38000001	39000000	5.72634469238764
20	39000001	40000000	NA
20	40000001	41000000	1.10483261835985
20	41000001	42000000	2.35346637192484
20	42000001	43000000	NA
20	43000001	44000000	3.30833009277343
20	44000001	45000000	1.98562349136223
20	45000001	46000000	3.00413765141435
20	46000001	47000000	-0.083157632698875
20	47000001	48000000	NA
20	48000001	49000000	NA
20	49000001	50000000	3.35054269714474
20	50000001	51000000	4.83762375597331
20	51000001	52000000	3.10325817516618
20	52000001	53000000	NA
20	53000001	54000000	4.63163193089771
20	54000001	55000000	NA
20	55000001	56000000	NA
20	56000001	57000000	NA
20	57000001	58000000	NA
20	58000001	59000000	4.27315331953809
20	59000001	60000000	0.986347535453364
20	60000001	61000000	NA
20	61000001	62000000	NA
20	62000001	63000000	0.757001034996437
20	63000001	64000000	0.913785878449158
21	15000001	16000000	0.199841135094238
21	16000001	17000000	NA
21	17000001	18000000	1.87717333322422
21	18000001	19000000	NA
21	19000001	20000000	NA
21	20000001	21000000	NA
21	21000001	22000000	NA
21	22000001	23000000	NA
21	23000001	24000000	NA
21	24000001	25000000	NA
21	25000001	26000000	0.292172314767858
21	26000001	27000000	0.309908287703041
21	27000001	28000000	NA
21	28000001	29000000	NA
21	29000001	30000000	1.46032726672676
21	30000001	31000000	0.386533502676656
21	31000001	32000000	NA
21	32000001	33000000	6.29260976815321
21	33000001	34000000	2.36402130783129
21	34000001	35000000	4.39330888537073
21	35000001	36000000	NA
21	36000001	37000000	0.509238486869779
21	37000001	38000000	4.71261904392951
21	38000001	39000000	NA
21	39000001	40000000	2.66053136268853
21	40000001	41000000	NA
21	41000001	42000000	NA
21	42000001	43000000	NA
21	45000001	46000000	2.77584745250942
21	46000001	47000000	NA
22	17000001	18000000	0.713417166422479
22	19000001	20000000	NA
22	20000001	21000000	2.07541442388593
22	25000001	26000000	-0.43353177929267
22	26000001	27000000	-0.0546411566518854
22	27000001	28000000	NA
22	28000001	29000000	4.67757488797751
22	29000001	30000000	4.90476337139809
22	30000001	31000000	1.38447157121673
22	31000001	32000000	5.86452276799419
22	32000001	33000000	0.0508542094445828
22	33000001	34000000	2.74473474566444
22	34000001	35000000	NA
22	35000001	36000000	NA
22	36000001	37000000	NA
22	37000001	38000000	1.62390259783672
22	38000001	39000000	2.2565739617388
22	39000001	40000000	1.71345105131736
22	40000001	41000000	4.20560149826358
22	41000001	42000000	3.43909150422383
22	42000001	43000000	-0.0619658743409001
22	43000001	44000000	-0.157378903265745
22	44000001	45000000	2.73680363749777
22	45000001	46000000	-0.095966841637288
22	46000001	47000000	3.52199685305614
22	47000001	48000000	NA
22	48000001	49000000	NA
22	49000001	50000000	NA
22	50000001	51000000	NA
X	4000001	5000000	NA
X	5000001	6000000	NA
X	6000001	7000000	NA
X	7000001	8000000	NA
X	8000001	9000000	NA
X	9000001	10000000	4.34109573638089
X	10000001	11000000	NA
X	11000001	12000000	0.533621086929705
X	12000001	13000000	1.61913704145802
X	13000001	14000000	NA
X	14000001	15000000	NA
X	15000001	16000000	1.96353550785239
X	16000001	17000000	6.10431609651308
X	17000001	18000000	1.28434068764566
X	18000001	19000000	0.155613477832628
X	19000001	20000000	NA
X	20000001	21000000	1.56593493125108
X	21000001	22000000	NA
X	22000001	23000000	NA
X	23000001	24000000	1.63371115117356
X	24000001	25000000	4.24799921926508
X	25000001	26000000	NA
X	26000001	27000000	NA
X	27000001	28000000	NA
X	28000001	29000000	NA
X	29000001	30000000	NA
X	30000001	31000000	0.514556060404817
X	31000001	32000000	NA
X	32000001	33000000	NA
X	33000001	34000000	0.820762455195569
X	34000001	35000000	0.477479805049988
X	35000001	36000000	NA
X	36000001	37000000	NA
X	38000001	39000000	NA
X	39000001	40000000	NA
X	40000001	41000000	-0.274329084589679
X	41000001	42000000	2.81239861960379
X	42000001	43000000	NA
X	43000001	44000000	NA
X	44000001	45000000	NA
X	45000001	46000000	NA
X	46000001	47000000	NA
X	47000001	48000000	6.65764058317529
X	50000001	51000000	NA
X	53000001	54000000	3.01179111083837
X	54000001	55000000	4.34949778063843
X	67000001	68000000	NA
X	68000001	69000000	0.0893589328645964
X	69000001	70000000	NA
X	70000001	71000000	1.17607214642825
X	74000001	75000000	4.15520325542883
X	77000001	78000000	5.45541940624358
X	78000001	79000000	NA
X	79000001	80000000	NA
X	80000001	81000000	NA
X	81000001	82000000	1.90435087727289
X	82000001	83000000	NA
X	83000001	84000000	NA
X	84000001	85000000	NA
X	85000001	86000000	NA
X	86000001	87000000	NA
X	87000001	88000000	NA
X	88000001	89000000	NA
X	93000001	94000000	NA
X	94000001	95000000	NA
X	95000001	96000000	NA
X	96000001	97000000	0.232744553818903
X	97000001	98000000	1.33248610307325
X	98000001	99000000	NA
X	99000001	100000000	NA
X	100000001	101000000	NA
X	101000001	102000000	NA
X	103000001	104000000	2.92296032512451
X	104000001	105000000	NA
X	105000001	106000000	NA
X	106000001	107000000	0.172997364945702
X	107000001	108000000	NA
X	108000001	109000000	NA
X	109000001	110000000	NA
X	110000001	111000000	0.58398880230596
X	111000001	112000000	0.483993542808998
X	112000001	113000000	NA
X	113000001	114000000	NA
X	117000001	118000000	NA
X	118000001	119000000	NA
X	119000001	120000000	3.80920770753274
X	121000001	122000000	NA
X	122000001	123000000	NA
X	123000001	124000000	0.625274230483089
X	124000001	125000000	NA
X	125000001	126000000	NA
X	126000001	127000000	NA
X	127000001	128000000	NA
X	128000001	129000000	NA
X	129000001	130000000	0.18133422664545
X	130000001	131000000	NA
X	131000001	132000000	NA
X	132000001	133000000	NA
X	133000001	134000000	0.490090864364575
X	134000001	135000000	NA
X	136000001	137000000	NA
X	137000001	138000000	NA
X	138000001	139000000	NA
X	139000001	140000000	NA
X	140000001	141000000	NA
X	142000001	143000000	NA
X	143000001	144000000	NA
X	145000001	146000000	NA
X	146000001	147000000	NA
X	147000001	148000000	NA
X	148000001	149000000	NA
X	150000001	151000000	0.138313160897941
X	151000001	152000000	0.378324745443345
X	153000001	154000000	4.90320151137743
